# CBMC_CHAIN_SIMULATION

chainmc.sh -c relative/path/to/config_file -l relative/path/to/log_file -t type


# Ethane
sigma = [[0.375,0.375],[0.375,0.375]]   #for LJ potential
eps =  [[0.814,0.814],[0.814,0.814]]  # KJ/mol #for LJ Potential
# Propane

sigma = [[0.375,0.385,0.375],[0.385,0.395,0.385],[0.375,0.385,0.375]]   #for LJ potential
eps =  [[0.814,0.558,0.814],[0.558,0.382,0.558],[0.814,0.558,0.814]]  # KJ/mol #for LJ Potential

# Butane

sigma = [[0.375,0.385,0.385,0.375],[0.385,0.395,0.395,0.385],[0.385,0.395,0.395,0.385],[0.375,0.385,0.385,0.375]]   #for LJ potential
eps =  [[0.814,0.558,0.558,0.814],[0.558,0.382,0.382,0.558],[0.558,0.382,0.382,0.558],[0.814,0.558,0.558,0.814]]  # KJ/mol #for LJ Potential

